ROS_IP=10.0.0.111
MOWER_IP=10.0.0.161
OM_DATUM_LAT=49.064673
OM_DATUM_LONG=2.068193
